207.283 221.71 866.201
563.378 1699.8 1033.58
759.676 1839.35 863.402
1002.92 1799.8 605.69
218.394 1502.09 1175.05
831.503 1066.82 896.257
1002.92 885.397 664.048
947.367 786.485 701.209
285.06 772.199 1110.5
653.732 1814.09 949.378
664.843 1661.3 986.166
553.451 1298.82 1089.13
696.684 1281.05 1010.83
519.156 1561.04 1082.06
432.388 1487.81 1125.45
465.721 1912.22 1011.83
417.622 630.219 1027.46
394.745 1109.67 1142.26
607.823 1138.24 1057.18
596.712 1016.5 1049.31
530.267 135.996 657.081
616.623 261.038 709.019
693.198 394.251 749.232
345.175 1828.38 1081.35
552.997 423.754 867.568
692.267 700.771 910.964
333.302 931.824 1135.41
403.092 1640.82 1111.36
474.712 1351.94 1120.75
820.392 1518.19 900.583
893.557 1655.11 801.133
914.291 1384.84 828.112
1002.92 1156.69 723.568
1031.89 1474.66 672.311
772.23 1238.2 957.899
969.589 1441.98 760.029
1074.72 1502.09 599.203
904.668 1016.5 818.224
749.461 988.967 949.587
1052.49 1655.11 590.259
273.949 615.933 1062.78
736.217 1456.27 974.378
508.045 544.505 954.125
344.413 1714.09 1112.55
182.241 1771.23 1129.12
925.402 1728.38 741.937
378.509 478.23 975.486
631.509 662.209 936.362
-63.6061 1138.24 1189.91
25.2828 1109.67 1192.9
-8.05053 931.824 1168.78
-96.9394 946.11 1163.43
115.574 330.757 949.368
70.6723 506.801 1042.05
148.907 522.489 1044.42
262.838 -121.147 475.796
485.823 931.824 1086.03
126.685 1399.12 1193.69
1031.89 1399.12 683.126
653.732 1399.12 1032.61
273.949 1869.37 1085.41
653.732 178.853 596.1
664.843 330.757 726.339
925.402 506.801 565.652
218.394 1632.47 1155.44
296.171 2117.35 976.786
367.397 2128.29 950.185
519.156 2031.64 936.35
383.634 2003.06 1005.47
367.397 1575.33 1133.66
333.302 345.042 917.272
333.302 178.853 799.73
736.217 1589.62 953.823
585.6 35.9961 482.713
148.907 757.913 1126.92
772.23 522.489 760.903
182.241 1233.87 1192.27
850.075 1210.93 892.984
1002.92 1095.39 715.963
1085.83 2031.64 154.657
1052.49 1897.94 449.905
850.075 1855.08 773.43
631.509 1897.94 932.34
596.712 316.471 768.384
653.732 1516.38 1020.09
958.478 2017.35 533.257
798.78 463.944 696.457
818.585 837.021 856.914
969.589 1532.47 744.73
1031.89 946.11 641.141
798.78 1728.38 869.556
3.06058 757.913 1130.28
-52.495 506.801 1037.2
530.267 1441.98 1092.08
367.397 715.056 1073
-8.05053 345.042 958.268
454.61 7.42472 559.684
980.7 681.077 601.973
672.573 530.219 848.487
713.995 1045.07 983.577
262.838 1375.22 1178.42
496.934 1655.11 1074.08
322.191 1252.48 1168.59
126.685 1714.09 1148.29
596.712 107.425 569.226
850.075 1322.92 893.591
980.7 615.933 559.864
285.06 78.8533 726.071
772.23 871.112 905.875
-108.051 786.485 1127.82
893.557 1281.05 853.457
1002.92 1233.87 728.646
1096.94 1182.36 582.043
904.668 837.021 771.082
58.6161 587.362 1075.41
322.191 1969.37 1037.75
541.378 1828.38 1007.47
414.203 1399.12 1139.35
160.018 261.038 900.925
218.394 387.899 969.519
-8.05053 1281.05 1198.59
229.505 135.996 793.845
496.934 449.658 912.12
904.668 1561.04 812.712
642.621 463.944 833.381
428.733 316.471 863.637
798.78 647.924 802.272
982.858 1119.49 -713.058
-344.096 907.812 -1016.32
423.951 1084.13 -1041.3
-994.895 869.375 -173.601
-822.263 1756.83 687.008
-679.97 481.585 698.591
1047.64 439.324 -227.425
-754.049 789.033 -728.207
-459.934 881.997 -962.332
309.236 1524.29 -1111.24
-878.084 893.013 617.912
-738.772 456.746 -529.707
-446.64 1917.15 981.759
-1071.59 1430.33 101.77
666.413 838.442 961.306
365.616 1188.57 -1057.08
-787.738 663.942 -569.145
-974.027 784.956 296.712
94.9964 1179.81 -1142.71
644.053 2094.23 -771.99
532.967 1820.07 -960.951
242.169 1304.24 -1086.74
602.309 1336.43 -1039.55
-562.771 1033.07 -936.638
1124.72 1810.67 352.52
195.046 1031.43 -1102.39
-256.533 1971.86 -996.98
-940.791 1974.35 299.441
183.876 -270.74 3.13797
-981.895 999.291 -406.305
-745.529 367.698 490.105
-431.358 1567.7 1011.19
25.0423 1693.75 -1091.77
300.091 98.4596 -645.453
-204.353 1633.13 1110.48
868.185 1393.49 -852.611
-902.678 921.34 -482.847
-810.328 943.548 -692.664
66.2943 1214.49 1209.85
1152.45 827.351 -147.728
-665.869 1874.83 -743.31
-421.589 1377.2 1068.99
975.626 1933.97 666.092
-114.042 1278.43 1195.16
-159.385 1100.16 -1114.3
301.724 1144.13 1168.79
354.704 2181.83 -873.756
104.593 1279.62 -1146.19
-317.692 607.293 -912.238
-536.876 498.865 -689.611
846.681 732.474 -742.862
-973.542 725.06 -64.3565
185.497 820.509 -1075.62
-658.888 1299.91 959.181
-400.138 312.487 727.622
351.949 1017.47 -1083.46
821.863 986.151 -877.203
-812.438 387.699 334.414
14.1655 1493.53 -1098.27
845.53 297.873 -489.267
866.188 853.621 -716.689
-1033.62 1060.89 -316.145
-1011.03 1235.53 -226.939
172.574 1887.07 -1062.54
-766.892 275.491 -51.3144
196.142 1683.51 -1084.39
-164.947 671.617 -957.157
-258.426 -40.1892 429.206
478.611 -102.297 -137.144
-860.623 570.916 -323.046
149.373 2015.16 -1022.92
313.347 -23.0105 -529.166
-120.693 223.879 788.016
969.092 2190.84 -351.714
377.776 264.87 -786.793
-306.795 1847.97 -977.461
-725.772 1375.41 889.266
1227.18 1780.11 -22.3156
280.298 1175.71 -1138.82
1066.7 1294.19 -609.931
-385.787 1552.05 -1002.62
89.559 1304.21 1161.02
49.2182 254.962 -847.302
-38.5741 1157.91 -1134.07
-797.075 2186.28 -153.878
-84.319 471.689 -895.982
-319.23 -119.771 279.858
-562.068 929.033 974.788
-996.842 1082.68 452.193
890.082 179.57 -41.6799
141.954 1947.69 1116.03
-501.525 386.1 -700.044
-335.465 757.561 -946.604
56.4571 108.646 766.464
677.081 2031.88 859.116
-224.635 2155.96 -857.626
-608.218 2099.96 -689.411
1100.67 1994.32 -261.1
1244.72 1100.4 61.9658
-435.746 567.095 -875.877
-710.691 1813.79 798.639
213.435 2075.86 -969.366
-630.797 1215.61 -939.068
1047.58 2159.26 2.41803
1082.07 865.796 -522.923
-384.229 1005.62 -1040.2
170.081 1026.46 1169.28
-96.7449 1352.01 -1149.47
1168.98 1095.81 -233.394
-789.471 496.774 -349.39
799.428 1713.53 -825.37
-302.314 1801.66 1074.01
-1071.23 1162.88 56.0101
-682.021 2045.07 731.59
56.0678 1491.36 1152.84
-1067.02 1053.53 125.685
-120.613 1572.58 -1096.28
-839.607 698.174 -444.235
-1034.47 1875.01 -115.391
1269.82 1217.26 134.3
-799.609 2021.75 576.446
1160.19 1924.23 30.6808
22.1998 -162.647 -298.697
-666.752 1477.03 -843.81
-1004.93 1454.06 -386.799
596.944 1571.99 -961.407
-943.513 1776.39 538.653
-836.899 407.645 69.7125
-131.878 1480.91 1174.07
87.2173 -142.502 472.184
-696.455 1146 908.773
-835.65 666.186 517.447
568.554 475.571 -787.908
161.126 -230.419 316.138
-662.011 642.658 -705.121
-1026.77 893.011 118.845
-247.659 787.249 -1031.6
1226.52 1393.55 -110.771
-569.273 1199.56 1031.72
-267.304 188.011 -701.381
-656.742 1745.79 -782.765
-164.723 113.351 -692.639
-41.6874 836.593 -1085.69
330.412 756.284 -1060.82
323.629 652.066 -1024.96
-580.037 740.851 917.064
-338.549 488.723 -842.416
-475.742 -70.1071 271.52
-877.32 2055.58 -263.927
-190.622 1785.43 -1024.62
1183.42 751.802 206.473
-74.7595 1464.75 -1140.51
-1070.07 1607.69 196.614
-878.716 1141.96 -597.777
-1008.46 711.47 182.866
1199.15 1237.2 315.531
-820.67 2093.92 -432.34
336.371 552.621 -931.963
-238.251 32.3504 554.056
-448.79 1911.07 -907.733
-347.099 1215.86 1161.53
527.59 -152.585 158.423
-435.107 920.4 1022.6
-226.365 -123.508 -327.535
459.624 1915.63 -1005.77
1185 1593.65 318.489
697.318 1086.99 -934.233
376.906 -169.622 252.13
-398.464 1713.07 1044.65
-211.572 2116.83 983.246
-681.517 255.877 417.946
76.6813 1386.89 -1155.61
-703.141 1523.92 846.727
-943.146 1633.3 537.403
277.948 1935.57 -990.233
-241.899 1244.95 1146.51
-143.711 564.603 1000.62
-663.523 347.298 623.205
108.371 -40.9614 624.231
-235.068 -89.8158 517.55
-541.501 1499.81 -952.338
-399.818 132.964 -528.232
-404.515 1665.31 -937.604
-1096.48 1080.44 -55.8497
1170.48 1720.48 398.691
1095.91 1520.15 -449.515
-444.868 71.1103 476.555
117.507 181.082 -749.695
882.116 1516.78 -791.899
1115.76 1766.5 -475.941
-70.1244 281.689 -844.199
83.1193 1792.16 -1038.99
336.878 1334.25 -1118.7
859.744 2023.17 -604.616
1246.84 1261.88 1.85663
962.777 943.676 -641.427
1078.08 553.715 167.306
-830.331 1363.75 -722.582
-928.504 1125.09 549.369
1121.99 1646.93 -318.43
679.41 -3.81558 159.639
1190.51 1851.86 -92.7403
-818.801 500.768 532.272
-135.449 685.671 1099.49
1175.9 1687.45 234.067
-8.08165 614.593 -1031.94
-116.313 2054.26 1031.67
701.169 61.1708 -308.441
-852.407 2144.21 199.273
-558.128 1654.88 961.487
42.2466 2014.66 -1038.46
328.504 2056.68 -967.182
-859.927 1857.84 -578.256
-987.773 862.192 226.655
692.369 1418.13 -968.822
470.328 1505.09 -1042.48
1231.5 1042.13 156.638
460.815 1738.07 1130.99
919.999 2153.92 -430.902
-117.691 385.518 949.466
-771.377 1192.51 -752.033
750.646 335.277 627.142
752.434 265.639 551.023
270.451 -140.012 -326.009
-415.384 1507.09 1113.24
263.274 -156.338 344.217
251.523 162 -757.303
899.279 361.693 434.93
-975.155 897.64 375.71
1252.04 971.979 -64.7185
346.723 1759.47 -1017.98
-375.209 854.039 1077.67
-21.0636 39.9658 -619.345
1054.75 1692.89 -528.462
109.429 1540.54 -1153.21
-413.953 -130.655 78.6153
105.01 513.835 -977.355
-1094.53 1218.14 -96.8745
-904.817 1014.16 631.948
-284.49 503.745 962.495
161.347 35.4888 729.194
-1017.42 1546.74 320.624
-523.333 1645.41 -916.031
891.663 1145.4 -800.142
951.937 346.986 -333.87
-807.224 1011.94 720.88
21.8159 1311.92 -1099.45
664.433 1721.62 -919.455
829.38 541.572 -674.492
1200.5 982.949 -237.464
-292.69 1453.49 -1017.63
42.7142 -240.76 296.483
-1079.24 1352.11 -264.166
591.566 -25.7058 242.754
611.264 274.25 -651.937
613.934 922.982 -956.552
1120.32 959.727 517.1
-385.982 1188.53 -984.488
-255.499 -141.181 179.396
-408.561 1798.76 -979.607
-217.944 374.234 917.017
-507.454 -8.62497 -178.246
-643.594 241.305 -383.669
-1062.5 1338.58 -101.978
-440.176 765.786 -926.61
1064.95 2043.25 354.365
-269.048 1108.57 1141.54
994.53 624.384 -515.376
-508.62 589.009 948.429
695.817 654.129 -863.243
1087.73 2114.39 -120.298
-827.61 510.101 406.547
168.973 1459.57 -1137.92
-606.07 1105.06 -882.235
-51.7071 -204.636 260.246
477.285 804.401 -970.373
-951.941 2028.92 -100.613
-1034.46 1770.34 -55.653
992.169 569.932 -404.191
383.507 152.806 692.483
442.085 929.212 -1003.19
643.783 130.024 -503.355
-535.899 1786.02 950.353
366.424 424.495 -918.403
866.378 167.189 304.972
-624.001 2187.29 738.055
-6.83419 1728.48 1114.82
729.044 1172.72 -893.082
-525.29 0.621104 119.854
51.8067 1082.99 -1144.32
-546.056 1792.4 -879.701
-686.949 2028.18 -693.577
-342.489 151.917 647.729
-238.711 738.997 1065.03
-433.286 458.24 -791.866
-541.93 89.7842 -377.042
704.214 1610.8 -911.971
-270.874 1986.98 1034.29
946.801 1889.02 -639.332
-586.788 666.008 825.177
1168.62 741.311 -36.7072
386.586 -195.215 -91.3323
-992.073 1586.67 -322.106
-801.652 1942.37 -519.937
-527.412 13.6857 -10.101
533.465 1113.08 -1036.22
-924.635 1808.98 -363.059
578.135 1960.76 -890.156
1121.44 1493.97 500.172
1180.22 1155.62 428.207
1153.91 984.629 -465.815
-653.72 605.127 779.514
516.553 283.356 -726.115
68.6833 -203.668 -98.2507
-34.7739 214.045 -770.838
-889.265 1667.72 -544.445
-347.547 643.961 979.013
132.224 401.268 -917.521
453.067 1185.87 1086.04
-514.835 80.7845 -259.259
-989.747 1006.64 387.143
-254.461 1271.79 -1106.11
-32.0987 1794.55 -1050.17
410.636 1595.16 -1089.07
1050.17 860.569 526.349
44.2853 1649.78 1160.74
598.614 -18.6353 -246.427
1140.42 1176.34 -491.564
-954.423 782.074 -388.017
220.918 921.634 -1116.21
-133.775 385.263 -911.019
1151.43 898.027 261.635
-202.794 279.404 804.741
-850.678 2116.8 389.883
463.475 784.675 1021.17
-185.376 -124.4 415.391
1002.36 1919.45 -485.249
-394.9 169.455 -643.075
486.321 -60.3029 -306.219
-836.457 1983.16 -420.791
-369.848 2132.1 -768.359
149.86 101.883 -674.972
978.941 2049.72 -409.261
-693.656 2150.26 -546.398
124.003 622.776 -1037.34
356.948 -217.644 72.6109
-938.877 1367.29 552.32
1185.39 1509.49 -240.937
-879.227 1450.59 -618.041
-739.183 1671.39 -744.175
1088.76 1343.47 -476.62
-305.901 1574.61 1109
27.2805 1392.61 1169.43
-725.442 201.943 229.732
485.312 -108.572 -6.29168
-563.075 1885.1 931.144
16.0422 749.453 -1034.35
-586.541 2096.34 797.518
435.978 84.0398 -662.998
1080.61 458.427 12.2657
-792.544 310.058 102.84
431.502 38.2247 -539.201
-522.435 1440.58 963.99
-995.676 1323.12 383.174
1191.5 1338.04 -347.08
-989.605 1225.93 -401.506
-786.235 296.621 -151.219
-54.9889 525.456 -1001.34
-150.888 1720.91 1114.69
-509.544 1966.02 906.74
-464.417 1032.79 1068.6
-87.8273 1971.28 1106.35
386.781 1460.88 -1079.19
-991.45 973.252 -226.588
-941.18 1540.72 -419.869
-769.759 853.468 777.849
872.078 2112.49 589.999
-1078.25 1126.25 268.298
251.822 -209.998 78.3511
-486.074 184.56 -532.815
1265.58 1525.13 29.7773
-286.025 966.86 1122.19
825.046 1931.55 -715.784
747.173 486.194 -709.278
-24.1722 -271.814 132.76
46.9448 934.683 -1068.37
-93.8641 748.693 -1072.66
-954.01 576.991 2.87174
-491.059 2171.74 -772.781
-418.827 1339.35 -1028.33
-1088.41 1467.44 244.552
942.525 1424.93 -710.018
831.468 99.7856 -127.605
-130.288 45.8028 -608.21
674.356 821.83 -836.137
-335.944 1638.12 -1023.28
25.0453 -131.732 -460.359
-131.731 -218.223 37.3898
945.118 704.818 -552.897
439.547 -33.3143 439.611
1086.36 702.621 313.942
-430.46 -21.8733 386.109
11.097 1887.29 1150.13
134.575 1564.01 1158.51
766.815 2060.51 -674.621
1048.08 571.491 -261.982
1157.97 726.144 64.5873
1112.96 2094.06 234.652
150.477 -163.473 -360.752
-1051.89 1657.96 324.47
-49.0036 2146.87 1015.14
1099.41 600.587 -127.259
1034.22 1408.63 -644.969
-585.939 230.211 537.51
-402.133 544.407 920.767
-666.122 778.088 841.855
1155.82 1088.2 -351.14
679.434 -19.2994 37.0738
334.447 574.57 987.372
1231.93 1552.31 232.544
-322.877 1354.09 -1056.49
-820.649 1366.72 712.334
1212.69 1549.49 -55.1772
-569.179 437.726 755.157
769.834 1811.63 -794.092
-990.268 1401.96 -483.53
-664.525 727.688 -814.242
-1078.36 1012.88 25.4311
-1005.38 1942.22 171.573
655.006 1232.93 -975.891
709.807 416.013 -613.264
-325.229 33.6212 485.862
-544.036 1994.01 801.288
-157.316 -115.741 -399.865
604.086 817.089 -909.688
-382.594 -154.408 -51.1441
267.793 1802.49 -1083.86
854.414 322.236 546.619
-911.933 1526.56 654.812
-590.287 147.935 447.484
658.206 25.8155 396.576
575.181 -104.013 63.7256
-788.829 380.468 -382.023
-898.12 2174.34 -45.2085
-885.96 479.276 -259.598
-15.7693 -39.1415 628.353
-561.324 737.033 -874.193
-103.938 -64.0302 -478.344
634.993 1665.87 -1009.18
1071.09 761.46 -388.664
-769.83 2190.76 492.877
-808.493 1323.21 825.388
-1005.52 1734.95 -374.715
-1102.13 1322.09 15.1502
240.894 -237.728 246.475
-849.63 826.068 687.22
589.967 685.287 -880.645
-757.985 627.734 708.104
489.42 2015.28 -895.442
-157.585 2001.09 -965.069
844.286 746.441 764.903
-257.055 2028.75 -892.507
-37.9412 80.0846 792.186
468.267 1765.34 -1041.68
-336.811 343.326 -811.9
1014.1 1611.13 680.931
-140.932 1873.18 -1011.29
-354.746 1143.61 -1081.86
408.124 -55.2799 -484.874
712.23 273.554 -568.056
-211.237 932.474 -1078.36
-396.358 1165.7 1074.98
-713.751 582.323 -622.106
1084.3 2128.45 91.9734
-177.044 865.224 1128.07
-357.073 2020.9 -895.801
1152.61 1280.23 496.261
522.022 507.485 -888.612
-811.958 1557.84 -686.463
-899.619 533.981 310.815
-336.781 353.698 831.792
-881.135 1079.79 714.477
-199.439 45.2671 664.483
1084.7 2006.69 -8.0565
474.941 -110.782 279.09
65.8879 2046.24 1017.49
-865.525 508.971 -122.215
400.58 686.751 -971.245
463.161 392.84 -810.825
-867.177 1768.43 -495.279
-29.6742 1588.27 1128.86
-869.464 770.783 574.028
-1043.94 959.172 240.401
114.66 1617.48 -1074.42
126.362 2195.44 -971.406
-334.162 1445.18 1118.86
1148.41 1770.57 168.304
879.005 955.106 -747.355
-879.72 651.442 417.761
-11.3969 390.051 -878.23
192.437 319.915 -851.204
1112.71 643.132 -302.688
753.368 564.844 -784.32
124.753 934.135 1190.58
-661.463 932.846 879.556
1232.78 976.794 64.4125
903.831 243.373 171.049
1166.28 1818.3 -224.159
-510.268 316.662 691.371
386.879 838.801 -1009.92
-838.669 400.483 -209.99
-1044.07 1639.28 -152.197
377.793 -136.943 392.441
-138.333 1212.29 -1109.06
222.589 -229.148 -84.5599
-1072.95 1653.11 -26.2337
1207.51 1557.16 116.682
1118.03 803.587 -248.561
1150.56 875.669 363.676
-330.841 2194.93 854.253
-330.626 1310.08 1095.73
955.117 1683.29 -647.584
-815.282 1219.2 701.496
-278.271 -60.1289 -404.216
-652.041 1296.38 -881.632
-445.457 61.4491 -429.225
690.536 -37.3477 -148.654
462.229 195.88 782.231
-729.146 1359.65 -808.694
162.991 656.687 1080.17
-330.429 241.298 744.508
-899.442 1293.17 -613.87
39.6906 -47.36 -547.376
-991.616 1779.45 -232.582
-545.373 615.949 -798.805
-449.082 2117.53 882.446
315.771 -29.9504 564.533
1154.75 1737.35 -78.5468
-813.194 1878.33 581.571
-959.964 678.369 36.3733
-452.342 371.984 814.466
515.758 677.391 1027.59
607.012 4.65358 -417.131
1235.78 1413.92 222.184
560.395 845.864 1068.9
1056.96 2089.23 -265.371
901.47 291.728 340.684
-888.037 1422.29 632.39
-955.072 1919.02 -195.53
229.45 2191.71 -940.528
-73.5086 1051.14 -1137.69
958.554 1580.68 -673.541
787.093 1269.84 -922.611
898.327 262.781 -113.313
769.452 1471.28 -882.915
1129.33 923.146 -316.596
-34.5079 1959.59 -1000.08
-337.468 432.399 899.828
-231.023 1367.55 1126.76
-540.063 1561.32 1000.61
-940.601 1916.12 -91.0057
1048.37 584.119 341.255
-553.084 558.414 794.284
-242.12 404.888 -912.578
1195.72 1126.37 242.917
-181.698 -130.32 -225.57
910.151 2024.57 666.716
-253.612 641.43 1027.2
800.117 370.821 -560.866
843.913 333.639 -383.494
-665.093 959.909 -798.532
809.634 2127.69 704.026
-969.703 1450.62 495.107
-1077.32 1536 52.2286
-742.461 1930.71 670.075
487.362 1266.19 -1083.22
1260.86 1151.29 -36.1438
472.268 1396.48 -1049.43
-689.819 831.124 -838.225
-955.66 884.926 -405.625
711.142 1962.93 -850.187
-65.4278 -155.574 -370.423
26.5113 -215.489 393.559
-601.743 1390.68 -874.1
-906.657 1026.25 -515.08
-79.7169 2073.41 -993.947
-950.266 2084.13 177.477
-610.389 1584.21 -827.647
98.1749 -243.315 137.889
995.879 315.061 -123.941
1129.6 1591.71 563.012
-397.94 352.164 -726.231
-160.747 1838.2 1044.79
1271.3 1373.32 42.76
1005.49 770.875 -490.439
-140.238 1671.94 -1118.23
-740.255 1033.42 -752.638
1098.96 1242.75 667.759
-1085.08 1375.16 297.411
1197.81 1836.47 245.324
-606.078 247.904 -513.356
-654.915 153.14 110.334
-143.873 1146.32 1119.93
895.727 250.495 -311.051
-930.965 1763.51 358.981
-224.962 585.123 -968.297
726.499 948.555 -890.76
-191.618 263.399 -767.819
976.223 297.165 247.032
154.873 1128.42 1171.24
-80.838 -211.818 -255.837
1216.91 1438.17 118.733
-991.624 1136.55 -448.719
1131.32 631.77 118.026
118.912 863.761 1104.88
-63.0828 -81.5686 530.017
447.162 178.747 -703.49
-581.133 80.5537 305.048
-547.732 877.334 -872.942
472.089 2199.82 -838.071
-732.708 299.979 -350.645
-74.9576 2190.93 927.829
-409.372 1817.12 998.61
-942.213 1934.85 -310.342
1141.32 1939.88 -141.39
-244.496 1612.3 -1080.57
-1087.96 1311 144.802
-948.475 780.123 -238.768
595.499 768.178 999.724
-746.677 1693.05 753.801
-229.173 133.623 718.36
-522.589 1321.39 1050.62
217.457 654.858 -993.797
-195.502 -22.6242 -485.58
-21.3217 -136.504 432.339
-338.15 23.3875 -373.739
428.904 -172.608 135.668
191.869 -202.874 -187.318
681.919 2199.01 748.257
-1055.47 1666.72 114.614
-548.905 2046.71 -764.411
-702.665 489.809 571.187
-1020.88 1891.76 9.76468
1028.16 699.734 459.523
-512.918 1146.73 -981.507
-833.748 356.678 -64.0837
-524.714 1886.38 -833.217
-661.994 1471.4 933.497
285.888 1025.09 1140.16
-822.238 1482.49 754.974
181.912 2072.76 1029
1227.89 1330.87 -207.721
-529.478 1104.34 1015.7
1231.69 1463.43 320.338
-842.471 1683.82 619.978
746.178 58.8482 62.2222
840.282 2156.27 -619.249
-668.335 325.751 -472.662
586.179 1042.99 -982.914
982.573 2193.67 -143.993
-974.041 592.942 -129.897
540.242 1676.34 -962.264
656.552 1849 -888.728
-675.593 179.869 -160.18
1098.73 1928.75 321.534
-89.9112 1830.91 1127.47
1023.67 2126.8 272.055
1164.68 1426.27 -305.302
-706.585 187.164 -29.6709
1000.66 792.603 -657.677
1080.74 718.034 549.666
-670.096 1626.37 891.932
1226.77 1112.07 -125.726
-962.581 613.503 266.516
-376.24 742.958 1064.13
-766.666 2187.75 -341.896
-644.356 449.843 -633.597
-132.323 -146.751 242.75
535.317 2117.36 -831.396
-458.878 140.436 637.7
327.145 884.493 -1094.58
1167.7 1405.2 471.085
-883.463 1557.65 -589.104
-228.264 -181.648 270.167
895.118 1701.24 -732.724
-965.838 760.19 407.618
1055.59 793.864 438.511
1051.42 1803.38 512.448
-953.037 1663.43 358.212
1004 382.491 80.1525
-807.225 322.592 213.797
474.586 2111.21 979.831
-243.382 1493.59 -1103.7
-467.819 1701.68 970.416
-883.679 2153.61 -205.811
-547.415 816.357 984.752
451.911 1022.38 1128.53
-300.963 261.41 -761.228
626.815 -42.9321 -63.202
753.089 167.79 466.005
-356.798 -109.091 -221.174
-640.074 1700.06 -879.895
-428.294 1091.58 -978.605
-1092.98 1461.16 -149.099
-777.321 1468.52 -725.514
-796.662 1800.7 -660.165
-1008.39 692.993 -176.201
795.893 1978.53 781.638
-715.253 2131.47 587.251
-468.944 994.579 -929.188
565.976 2196.8 864.767
-979.393 969.728 520.945
-243.004 1125.88 -1057.95
1009.17 453.385 -84.232
-445.473 679.094 928.625
-520.422 20.0762 242.481
51.5245 103.252 -656.7
520.503 191.02 -620.78
-754.807 168.083 86.0669
-884.463 478.381 161.774
-727.956 1241.47 880.193
-989.032 1641.06 -431.5
-285.931 2084.75 922.321
447.31 2109.34 -892.509
194.894 1210.59 -1097.83
-351.92 2145.79 -877.931
726.141 2082.71 775.207
-159.653 -211.813 -114.302
465.674 1660.86 -1030.95
723.169 132.172 351.947
-639.842 1801.6 885.627
1078.04 1042.83 -542.788
-205.915 1033.09 1100.89
-772.026 742.847 676.719
-586.536 124.613 -198.286
792.574 146.688 -364.158
988.142 952.1 740.566
-1039.64 1118.23 -136.597
1004.47 489.996 413.7
1149.82 1857 -325.15
383.79 72.0832 607.813
1199.73 996.803 392.766
-992.199 790.524 112.575
1223.89 1031.2 267.23
-634.538 50.8971 -74.3929
399.032 -136.961 -211.771
702.452 2187.37 -666.048
1056.04 468.269 220.736
-1028.06 1290.2 273.039
-1001.74 1313.77 494.387
-416.344 1264.34 1048.32
-1032.33 1815.51 191.022
-323.263 78.245 -626.809
-741.658 992.925 809.623
-397.621 -25.6342 -274.005
-999.623 1129.09 334.892
545.306 -46.7463 385.817
-592.221 323.76 -620.669
-867.796 2023.74 454.899
-569.613 1153.89 926.047
-723.807 1714.34 858.718
1158.4 1928.62 172.821
938.777 485.017 -472.354
-238.842 1504.99 1138.57
26.3489 1876.9 -1048.13
-408.154 -54.324 -101.037
741.781 101.43 -208.818
-774.978 1104.25 793.28
772.398 623.746 -685.406
1213.25 1626 -256.966
-837.712 581.881 -443.62
-491.032 303.955 -641.3
-1059.63 1444.28 -12.5901
879.466 665.1 -667.121
1163.73 1749.7 58.6294
553.008 1231.98 -1006.98
40.2501 2108.7 -980.413
-110.068 285.952 882.777
68.5695 1802.12 1163.59
979.434 2185.02 353.686
-778.705 2027.66 -576.285
1076.78 1307.15 579.068
513.923 1006.99 -1042.27
886.603 1284.23 -771.038
-721.894 311.039 312.284
-876.492 1917.07 408.927
920.838 665.354 680.949
847.779 184.154 -210.298
1008.32 1810.06 -555.883
216.354 860.374 1140.48
1134.81 1443.8 -516.03
648.997 555.495 -810.438
-146.129 859.731 -1046.09
-29.6782 606.776 1028.95
-513.044 1229.33 -919.672
221.983 -13.4354 664.322
-949.234 1953.5 69.219
-779.763 1574.86 797.974
138.474 732.131 -1062.05
-645.138 62.0075 181.599
1199.52 837.053 61.4
1072.09 1872.79 -404.35
-730.934 225.976 -255.328
-934.209 1255.84 554.608
473.934 33.533 -407.975
334.735 1494.09 1183.22
392.342 853.769 1112.77
-682.566 1943.05 760.631
50.7906 2194.48 -898.869
164.362 -73.519 -499.56
815.34 1372.59 973.501
567.759 1449.78 -1035.08
-560.106 176.367 -425.99
812.031 1601.43 -833.402
76.4448 -250.053 4.85775
502.472 351.784 799.749
-1036.06 759.344 8.80512
307.058 -219.814 -178.261
-100.397 132.266 715.747
1131.64 1399.81 585.281
1082.3 498.859 -143.859
1073.27 1163.95 -570.338
1207.04 1300.57 403.384
-844.113 1678.18 -693.325
-1065.59 904.71 22.8397
668.9 362.311 -694.318
-219.657 -219.654 101.916
1178.22 1210.49 -310.545
-947.3 1875.48 269.204
-161.781 122.639 817.597
679.606 23.4702 269.206
532.526 589.796 -947.122
417.984 1809.02 -964.84
-56.3274 1035.98 1197.57
-404.437 2033.21 952.217
-942.013 658.722 -254.987
70.2681 -238.789 -209.016
801.267 102.013 251.779
-654.484 155.404 -324.255
773.886 701.178 -820.44
-1035.9 1324.6 -367.37
133.574 -143.466 364.963
779.316 88.1609 -41.5005
357.035 333.569 -863.824
288.736 1623.52 -1064.93
-943.624 684.128 336.664
-711.254 689.931 778.496
839.825 246.706 468.223
925.276 1795.96 -703.875
237.895 16.3202 -596.323
-938.432 1242.66 657.031
-227.623 -134.87 -108.913
1007.3 439.847 323.438
1087.97 1061.74 510.035
204.007 492.515 -949.327
1153.85 1586.9 438.722
1222.7 912.396 -145.467
-868.769 833.983 -585.064
-437.073 812.988 999.245
1006.69 1055.95 -635.784
-866.7 2141.95 -336.503
1135.49 576.673 25.374
406.636 -167.113 -306.858
-863.561 1083.02 -681.401
1206.8 1652.18 -26.6353
-70.8743 2167.42 -928.827
-147.991 -196.88 352.891
-315.945 -150.42 38.2024
517.088 1097.97 1079.53
-667.466 2068.89 -600.46
835.142 567.928 689.878
-974.505 1233.49 -525.229
-184.367 1384.88 -1083.74
948.008 2186.76 542.553
-134.786 1375.97 1185.52
345.567 1875.6 -1056.15
71.2996 2194.83 983.049
-883.034 953.905 -583.121
-877.139 2172.67 75.1914
-1015.13 1791.48 304.391
-329.308 68.9412 592.443
438.329 1259.89 1165.85
1005.35 1236.88 -673.071
-207.267 505.236 -878.152
-725.087 1930.84 -633.848
864.455 955.586 887.163
1238.55 1287.08 -114.399
814.098 148.098 146.641
-351.96 16.2137 -515.226
1041.81 1920.62 -318.134
-1031.56 1684.38 -281.193
621.392 1780.75 1044.46
-1.53558 256.886 848.615
-815.43 1199.89 810.307
1225.29 1709.29 -191.07
901.549 2127.74 -526.719
1005.54 306.911 3.37765
266.388 1419.63 -1113.49
-621.884 1012.7 937.497
-554.518 1316.21 -948.094
-146.223 170.749 -774.219
1111.35 1657.47 -422.643
-691.319 271.022 547.069
984.31 1921.17 546.245
981.488 1318.8 -745.392
739.144 225.298 -482.424
-29.5893 1526.96 1212.47
-277.155 1016.63 -1052.25
1163.45 1437.15 -414.289
1034.87 1057.68 601.67
-628.369 844.093 924.715
-959.789 2049 23.0336
-908.513 864.336 508.691
1215.82 830.437 -61.2791
-112.685 1631.75 1179.32
836.999 429.793 603.793
1004.13 2103.28 476.212
791.512 809.932 -858.827
-600.665 54.626 70.5646
-176.341 2103.91 -946.104
-463.097 1443.15 -1013.63
-1006.08 1765.34 85.6658
248.78 -77.5892 -420.864
274.63 468.771 1017.86
185.937 2185.86 974.315
948.383 368.633 -228.789
1235.46 1353.64 322.099
-145.749 -231.796 169.553
212.809 -49.2638 543.353
-440.063 683.356 -852.815
-1057.78 941.892 -134.902
-923.013 1901.65 -407.618
214.775 1558.83 -1087.38
1110.68 1747.83 -368.67
778.213 918.833 -803.702
-85.6549 56.302 635.627
-223.959 -157.007 -2.06468
-225.081 1896.89 1094.62
1069.33 1993.71 -383.268
-891.647 1925.34 519.325
1172.19 1556.36 -386.702
-691.18 1167.43 -867.142
623.202 2019.1 963.856
978.567 847.863 -553.009
-137.94 588.18 -1024.03
567.045 376.859 -770.252
261.068 1102.32 -1073.13
271.886 424.411 -878.117
-713.287 735.747 -640.976
-869.906 1207.45 -683.551
804.378 1096.72 -866.476
513.29 707.343 -960.99
1001.07 383.002 180.57
-1011.66 1445.27 -286.026
371.656 228.383 879.408
894.817 1835.45 683.945
116.697 432.335 972.37
703.677 129.757 -413.953
1101.5 1686.23 471.546
-294.447 1754.7 -1033.59
543.004 47.0365 -531.762
-723.198 1604.66 -826.064
-1000.08 1198.11 418.333
-498.279 2191.52 808.969
-430.354 2061.97 -831.104
-764.98 1249.76 -835.212
974.628 227.119 89.5006
-771.584 356.1 -277.419
-988.446 1847.72 387.648
-457.437 485.669 812.43
-271.052 846.841 1067.25
-303.088 1679.84 1080.33
-390.262 672.698 -956.682
-361.858 1067.66 1106.97
-594.263 1371.89 986.435
1012.95 1555.75 -587.948
-1039.85 1474.65 409.348
275.388 259.915 -773.481
-877.917 504.548 31.9756
577.077 2192.16 -754.503
360.814 -88.0185 -396.66
-283.251 277.814 878.467
-709.652 562.852 641.058
-355.383 1249.06 -1072.26
830.543 2198.99 632.625
-1030.76 1533.67 -211.853
-27.3506 -213.113 10.5556
-846.236 1608.14 692.876
614.037 1604.91 1065.4
-18.6789 1586.14 -1077.17
1109.74 594.332 260.344
418.54 2004.81 -967.74
811.786 1209.91 -812.631
-617.133 190.267 350.329
-43.8272 118.764 -697.629
10.3317 454.562 963.802
-441.023 -23.2667 -368.708
-910.026 1822.6 453.834
-59.8413 944.18 -1107.03
887.433 404.931 -513.894
-272.939 -175.486 -213.445
990.659 604.508 428.488
-802.809 2189.83 330.808
-916.837 585.262 132.529
1141.72 680.197 -180.565
-344.572 1896.54 1000.01
645.018 1130.36 -1012.58
-438.832 -45.7577 21.0815
0.503199 2022.13 1100.05
-26.7423 -218.983 -138.087
64.3831 1022.57 1135.25
324.026 -236.16 182.897
953.816 1972.96 -560.286
-1058.69 1187.32 -304.906
637.077 933.5 1007.89
124.976 6.43659 -615.602
911.25 1144.35 850.159
111.06 181.944 826.633
-593.075 409.351 662.288
1050.19 1718.8 686.338
-56.003 1259.32 -1150.63
899.656 505.284 -588.267
835.199 126.124 42.802
-175.209 473.696 951.072
-492.526 191.686 501.705
-776.564 301.894 396.317
1060.34 687.281 -466.293
1093.16 1601.74 -546.776
-476.764 241.77 628.013
-245.399 -10.7064 -576.111
-638.162 495.621 -736.163
645.982 2131.27 861.395
991.838 2164.38 137.452
662.062 117.109 489.198
694.74 1155.94 997.139
1093.7 676.349 -53.0958
-862.064 733.148 -541.747
909.05 2187.4 439.558
-774.258 872.596 -613.976
854.524 600.19 -592.766
79.1482 833.959 -1076
1215.52 1198.2 -180.33
-155.995 -49.9942 590.48
98.9281 990.115 -1134.16
-240.64 2187.56 915.739
775.523 744.206 875.497
-301.674 491.386 -939.117
976.252 474.518 -341.958
1146.11 1083.13 365.599
-760.666 569.925 -510.369
270.908 840.501 -1011.9
-595.56 1894.3 816.56
-1047.11 1204.65 158.045
201.019 -187.66 162.527
906.391 781.496 -619.005
29.2995 -0.357383 709.762
999.143 1838.08 699.784
-742.86 1797.61 -752.149
1218.44 942.368 200.327
706.299 2002.06 -738.167
-1055.55 842.58 -65.6513
1232.87 1555.4 -156.638
-994.061 1665.76 450.478
-815.86 1733.25 -581.124
532.936 -119.109 -224.007
1208.61 1833.72 113.751
832.29 436.922 -634.868
-624.014 157.342 238.765
-708.796 2034.98 616.215
-929.217 452.056 -44.5131
-396.566 1623.76 1099.69
-285.792 663.52 -1002.17
304.206 -217.156 -17.8608
-893.905 567.797 -212.903
-733.443 2061.18 -491.494
-163.342 1974.3 992.557
-614.164 959.376 -886.653
-887.191 817.419 -478.719
614.76 2068.45 -878.5
277.615 2069.07 1065.35
624.272 209.404 -576.518
834.926 1633.16 882.286
1151.26 835.017 -365.236
-539.324 52.187 398.065
-903.252 1376.49 -528.13
-646.421 396.396 -548.757
-506.534 1991.68 -841.72
-740.833 2159.81 -446.333
-978.988 1561.74 457.989
-1035.93 1502.5 163.488
748.31 1718.34 971.35
-61.6254 876.413 1100.35
-728.465 887.323 -763.584
-891.817 2092.45 291.612
-371.983 301.344 -643.775
760.795 1802.84 -897.534
732.647 1910.93 949.237
968.831 867.184 -721.92
-786.311 595.572 572.154
766.888 1371.72 -912.62
-500.275 1460.43 1073.29
1188.32 1330.32 -449.455
-1036.21 871.055 -275.695
-495.797 1654.24 1055.61
-374.221 -140.481 173.436
-975.395 1544.85 -525.635
183.233 1350.8 -1161.7
-868.957 572.857 478.797
58.0093 1912.77 1064.52
-867.579 1792.6 603.56
-910.289 690.036 -362.496
-993.854 1671.74 242.321
-626.168 1937.61 -817.016
583.848 575.613 887.858
-207.117 1804.05 1135.66
42.6421 -77.4283 540.911
808.328 1142.28 962.649
328.802 200.783 -697.844
799.478 2017.23 -771.904
1209.62 1276.18 215.73
1167.88 845.272 172.468
-587.713 2190.2 -622.35
443.198 1807.85 1045.6
1197.15 878.738 -248.654
-458.54 -70.6849 165.226
866.657 431.798 499.37
-137.633 1011.45 -1068.33
1225.3 1657.82 144.588
427.314 548.608 -869.184
720.301 1520.89 -962.942
456.374 1160.85 -1109.62
-530.471 63.6237 -101.263
-821.707 454.309 235.878
-357.245 985.107 1034.29
-1066.01 1544.58 -64.4888
1069.1 920.452 -430.215
-1024.08 1389.27 200.286
943.962 1910.11 761.517
463.571 2170.57 867.099
86.0174 353.317 -841.368
1013.82 1332.31 760.859
113.836 2145.05 1058.76
-815.017 761.159 -647.325
-498.858 1598.43 -1005.29
217.75 1973.37 1040
-710.63 2133.17 693.668
806.159 198.033 384.579
458.074 70.4593 679.958
911.824 1055.34 -744.213
-131.174 2199.55 -849.999
516.974 249.252 683.561
1193.54 1054.82 -32.4801
1270.85 1337.68 150.858
560.271 1942.58 989.992
86.1059 1935.2 -986.614
422.644 161.489 -588.972
-890.287 760.805 474.359
-204.013 369.583 -798.753
392.528 1288.4 -1044.24
-374.58 1483.3 -1081.15
1141.07 794.203 302.185
1020.85 669.505 -375.744
-387.944 -32.7646 240.428
1113.24 1972.09 420.113
1200.37 1499.4 409.917
1089.33 1087.46 -443.476
-293.936 -144.588 377.046
982.07 2168.55 -248.147
967.486 2084.14 377.191
-1072.07 1237.54 350.118
-791.817 2085.49 496.188
-746.282 463.63 450.476
-719.281 196.741 331.438
-643.014 2193.77 625.668
-779.119 1843.71 722.624
-535.585 495.736 -794.745
-572.917 294.159 615.224
1042.31 956.331 -578.627
1098.33 941.307 419.327
185.24 218.326 -814.296
-196.465 957.31 1171.84
929.804 377.025 289.966
1021.58 1495.87 -709.721
1034.05 1436.73 -544.872
1198.48 1211.16 -409.234
827.554 1826.33 -696.114
52.908 689.439 1067.49
-897.773 1136.58 -494.551
730.625 2174.09 -765.916
-261.671 49.3262 -459.789
-693.896 87.3772 36.8341
432.674 586.682 -974.916
30.4398 434.981 -961.431
-487.863 1262.71 -1027.8
-72.1778 -115.091 348.097
1179.94 1727.58 -293.476
-151.127 -48.1534 470.375
1216.98 1443.63 -8.08903
1005.66 1994.86 425.668
-51.479 163.396 856.442
692.102 429.919 -781.9
875.587 1848.4 -797.145
-63.2728 1672.58 -1047.45
294.254 270.548 817.284
552.939 1562.23 -1056.54
-412.161 201.586 701.742
735.699 602.296 905.605
-170.235 1078.61 1189.91
1058.14 2010.98 -150.8
-718.25 1056 -849.006
182.006 1124.22 -1158.03
239.769 327.277 881.784
693.599 761.23 -915.769
-790.33 907.951 685.235
-657.065 1048.12 847.474
-872.166 1278.08 760.21
-939.765 1309.81 -456.403
-824.348 1854.78 -462.609
-242.775 118.214 -551.208
610.933 1220.06 1119.52
-68.8684 693.458 -981.333
909.578 500.252 667.204
780.345 256.191 -386.919
991.192 789.084 585.158
-362.138 2150.63 949.33
-546.907 109.825 532.659
571.273 -19.6714 -147.479
-487.685 998.004 973.035
-929.302 1531.14 546.131
527.142 601.767 -844.55
-791.001 1274.89 -682.706
1051.1 2001.76 253.308
-547.047 472.475 857.563
-908.184 1708.66 -404.015
981.488 429.192 498.8
722.956 235.136 654.615
-627.2 840.21 -758.225
95.0611 -183.048 233.458
650.212 56.6802 -201.219
1103.14 637.879 405.652
878.04 874.717 -818.215
787.392 48.4985 165.772
-345.099 1922.55 -910.149
1092.41 1104.4 671.102
1169.09 910.506 -20.5394
1154.25 1413.99 363.533
575.35 840.034 -1005.2
-165.171 498.2 -972.125
161.741 1782.68 -1103.54
-622.004 1389.1 890.51
803.03 468.418 -524.072
-35.2961 649.388 1122.02
799.652 1944.71 877.071
-1080.97 1036.05 -178.256
363.574 10.9707 -623.856
497.333 106.907 557.483
918.212 1199.61 -716.677
951.561 1619.51 -768.516
-542.062 424.181 -597.814
369.065 1688.7 -1095.02
-302.034 -41.9011 -303.497
-845.942 291.854 16.5898
570.695 48.8618 -332.461
-636.628 2019.83 841.764
-845.925 677.518 622.054
-501.236 2174.29 -671.562
-499.678 -16.7347 -284.784
-985.512 1864.2 102.948
-1009.89 1183.67 517.542
-774.799 1448.36 838.665
860.027 2056.15 758.538
-728.145 672.043 619.449
-950.815 1099.32 -357.304
1059.7 1633.94 -646.812
874.517 226.235 70.0011
676.632 1325.7 -932.247
327.122 -6.4299 677.548
-715.491 445.402 -422.483
706.48 18.6976 -59.6723
-642.247 340.655 479.343
-694.299 1529.83 -755.299
-520.372 -69.9957 -71.1123
839.903 2199.59 -487.544
-75.7909 -30.8174 -570.202
1196.37 1147.45 144.753
-520.951 2198.39 706.912
933.456 1475.74 874.463
561.435 125.182 -442.829
-188.258 1675.74 -1025.02
-516.137 1747.87 -964.726
705.108 860.718 -944.293
978.841 406.104 -416.304
1077.06 462.58 120.413
-767.979 189.828 -114.145
392.264 -111.913 496.314
-253.938 191.5 806.367
988.614 353.432 373.466
-615.318 552.477 -616.957
724.702 159.879 -291.089
1250.91 1442.34 -196.462
375.361 1910.79 -951.162
-619.309 1704.98 849.875
1160.04 775.08 404.831
-913.688 1981.26 201.808
-440.859 1810.54 -882.453
-855.199 2009.47 355.768
-150.305 2196.42 1006.48
485.551 -83.7574 -406.017
1185.45 1016.79 -136.94
-1100.37 1280.77 -184.404
-301.689 181.879 -602.294
897.134 1798.55 843.62
-985.455 1720.34 -128.521
281.264 2111.82 -893.099
125.83 -152.711 -259.398
-815.499 481.775 -448.3
-607.078 1545.13 891.015
92.1179 59.5988 659.746
758.088 329.416 -648.31
848.325 1939.4 699.57
991.312 1634.33 783.674
397.614 1912.8 1096.64
798.51 228.212 -291.924
1045.53 556.268 498.995
1167.55 1636.5 -133.443
257.504 563.336 -1014.93
1142.71 1806.75 463.708
267.98 1737.95 1176.79
142.658 -128.236 559.772
-877.277 1169.44 625.841
574.166 -132.355 -127.316
438.149 -206.727 1.29489
-900.524 1720.44 458.027
-638.935 1568.08 985.067
-960.778 2024.96 -215.018
-866.861 1323.58 633.849
-826.61 1040.67 -590.426
-480.791 627.53 846.951
-1012.89 1058.19 233.771
1103.27 1870.53 237.102
-942.157 855.261 -306.189
836.305 2179.87 522.076
-526.711 101.571 -494.252
560.647 2073.59 855.52
152.833 1850.38 1074.53
-635.148 1823.98 -844.071
-604.233 18.3332 -187.294
-549.311 226.155 -611.097
-447.068 -106.054 -177.39
-405.573 242.902 -738.017
-616.095 64.6943 -289.398
43.4992 108.318 -765.323
-186.508 697.415 -1052.53
-367.063 808.997 -1027.28
684.8 1917.78 846.183
-608.093 1579.92 -930.603
725.633 2179.77 659.135
-522.407 641.673 -893.385
798.038 1418.75 883.302
284.53 2193.16 906.755
-167.175 291.569 -871.91
-761.172 648.45 -687.45
1090.17 1897.9 -226.275
-882.89 372.478 151.457
719.457 1358.08 948.341
-1037.12 955.629 -334.959
-1091.27 1175.48 -208.166
-93.503 -261.606 -51.5996
911.818 275.091 -215.126
-909.966 420.988 -140.068
956.436 2197.62 225.751
206.255 -212.899 -285.839
-288.885 -204.879 -68.2988
607.256 1236.31 1019.82
1136.12 1827.53 -3.81287
-762.15 366.92 -477.469
-548.037 933.573 -963.424
902.873 2096.32 494.539
1104.11 686.329 212.912
-898.531 2032.37 -359.218
-812.61 1101.16 -768.317
-149.584 -188.329 -327.221
-1016.07 1405.29 -187.405
795.656 1325.65 -820.185
-451.19 445.557 904.041
1227.1 1141.78 337.438
-1005.31 1107.78 -231.992
-864.363 2092.61 -103.297
-331.059 -35.9741 338.091
-791.232 2019.53 692.673
760.17 2191.05 -569.49
606.278 -81.2442 157.556
501.289 644.443 933.953
-710.6 247.321 134.274
-701.225 785.09 748.183
-564.668 704.605 -750.123
104.542 -82.8416 -399.558
1105.8 1746.38 576.803
677.019 998.348 -979.058
399.002 415.537 885.235
642.314 486.169 -711.492
-550.109 2071.95 888.135
995.16 1002.85 -726.708
1056.13 571.558 -37.6446
-696.621 1125.81 -773.461
-995.524 1422.21 320.03
991.97 1249.54 831.15
-19.3052 181.408 760.931
-611.88 132.621 -3.6931
968.669 1703.98 625.709
-91.4101 593.282 -927.23
993.928 2073.44 -523.762
43.8132 845.606 1181.18
1036.24 1737.53 -620.336
768.106 790.911 -763.209
1151.11 861.644 481.852
317.015 1649.74 1185.11
493.537 2009.69 1031.04
60.6026 242.562 928.524
696.439 610.412 788.76
44.4175 593.499 -949.179
154.445 2128.56 -901.016
-880.97 961.672 544.767
-295.394 1184.5 1078.34
-507.286 1413.29 -912.795
-792.806 1634.32 -614.87
-550.136 333.207 -521.937
170.544 -77.7505 454.65
-883.585 2049.99 98.936
-359.866 -60.9793 481.753
-419.786 275.68 818.775
279.05 955.994 -1038.75
819.585 110.763 -272.895
-965.214 1780.45 -454.577
-178.857 -97.5383 317.147
-748.11 402.509 588.966
736.707 68.181 442.627
886.985 1294.17 -873.817
1156.69 2020.26 69.113
-603.061 1970.84 -698.216
-411.355 143.22 549.723
-231.363 543.82 1047.83
1137.07 1276.02 -539.019
-147.815 1479.75 -1068.61
-325.984 -109.101 -120.312
1184.56 1049.37 479.492
-827.049 394.481 435.13
370.384 1107.89 -1129.33
1106.78 1264.01 -416.701
3.4844 1026.49 -1072.24
1042.37 539.146 61.224
-151.59 776.864 -984.496
-1060.86 1029.13 317.099
-522.498 1257.15 963.997
235.547 953.719 1198.04
-47.7404 1893.09 1058.02
301.222 441.081 919.73
904.967 282.993 -8.14743
924.365 317.207 104.081
401.343 274.899 773.595
625.771 588.557 -905.629
-646.582 504.559 795.452
849.62 262.687 256.566
580.502 2112.15 950.956
-599.113 1473.76 1021.98
726.577 1898.44 -754.346
454.725 650.004 -894.684
-654.307 875.292 794.828
-1042.73 1258.76 65.1633
-1012.31 964.321 -46.4074
-663.644 1237.57 -794.326
-633.949 1107.43 987.817
-751.089 1860.19 -567.807
643.281 -53.8793 324.999
864.521 928.867 770.671
1118.16 1764.81 263.82
185.84 -188.992 444.265
281.475 61.9152 617.612
472.826 278.506 -818.549
891.637 595.139 603
334.182 -46.8513 441.647
918.841 1786.7 -599.737
-308.083 738.188 989.461
1202.02 1280.17 90.1905
683.792 635.281 -760.618
-327.513 1096.65 -997.505
-236.939 1871.5 -1048.25
805.544 363.004 707.822
237.293 714.568 -1073.45
472.005 1915.66 -905.74
607.804 -135.826 -29.8718
748.93 324.944 -484.485
907.814 661.725 783.159
919.06 1989.96 -682.763
-699.489 1832.35 -652.555
-52.7709 1428.77 1221.61
-7.81314 95.9408 688.683
-951.363 1986.33 401.182
961.832 606.041 -609.202
-443.099 161.511 -442.713
763.487 27.4962 326.286
-242.821 880.39 -993.887
1057.87 2199.27 209.029
-618.799 2098.74 668.516
-277.452 2111 -948.922
977.498 1155.52 -612.746
-525.093 848.659 889.226
-937.672 1652.92 642.264
1154.26 733.414 -322.531
-792.597 2131.45 -535.784
913.449 1209.77 767.25
-1099.28 1222.28 247.841
-491.498 1208.98 1097.48
-888.468 1485.27 -519.369
668.809 226.794 507.115
1127.78 2105.95 -26.2044
-285.786 2198.38 -784.23
228.813 560.571 991.116
-866.041 2020.95 -509.934
1195.41 988.296 -355.777
-689.516 2157.68 -650.31
-977.311 1460.54 603.511
901.012 143.051 211.353
-858.589 1587.58 591.191
-341.193 136.449 747.401
-116.953 1796.48 -1104.67
625.019 1997.25 -796.565
-491.911 1778.19 1042.44
497.504 -61.5789 194.638
559.471 192.064 757.184
143.309 913.137 -1052.23
-783.35 1141.18 -667.027
505.83 141.674 -534.181
489.41 -129.556 393.257
-557.428 179.318 -302.092
-445.334 43.5696 577.886
811.566 307.959 392.005
379.321 458.346 -816.593
534.587 1166.64 1163.74
312.73 -131.955 -130.481
-176.751 1177.02 1216.81
1152.2 1039.89 585.821
191.641 1325.68 1234.49
127.637 1105.98 -1068.54
-41.1584 -174.085 148.819
-72.3606 1749.93 1187.59
322.651 352.675 -771.823
1261.42 1699.28 49.0513
744.238 767.82 968.9
-502.038 255.267 -463.324
562.589 1924.94 -982.493
-83.4792 -109.989 -257.323
1088.56 801.37 606.421
-115.201 203.693 -683.704
-450.333 1543.21 -924.642
-642.545 2195.3 -461.071
-376.955 1457.48 -962.411
947.343 919.76 840.729
-562.194 1719.27 -804.018
-484.922 139.924 397.56
371.666 1334.56 1203.77
-734.923 1718.75 -646.632
785.921 2175.43 805.516
579.933 1372.1 -948.338
1053.1 1988 579.374
1158.16 1990.24 260.213
-458.832 563.782 -746.715
610.606 1381.48 1127.19
456.767 744.073 1120.46
-922.864 1735.35 -294.392
655.005 528.929 949.525
746.786 882.333 1006.05
-124.308 -165.472 484.096
-706.199 378.161 398.289
1074.08 2145.89 363.857
-791.573 2068.82 -323.224
457.791 1185.88 -1006.49
363.373 -70.2168 -294.61
380.471 2097.39 1050.22
622.358 1482.18 1112.09
236.729 2199.43 -837.109
-899.173 2197.55 274.558
-653.637 357.57 -378.368
1240.27 1121.09 -308.868
784.314 1680.98 -921.464
-968.715 840.778 -14.4475
-385.294 239.689 -562.48
-31.3591 1396.32 -1081.38
1046.53 713.104 -567.02
76.8404 689.369 -979.298
-681.196 1891.28 869.486
-864.327 596.898 239.356
-695.574 315.234 -224.481
1094.68 1877.52 569.227
210.183 1871.84 1163.02
-591.199 540.301 698.523
977.571 2081.08 612.857
411.239 -51.8268 341.264
1093.71 1497.76 -600.217
-565.515 611.575 -700.094
-332.212 1737.59 -940.986
-136.022 1298.42 -1057.14
1185.32 628.735 -54.9374
-438.114 45.6128 294.714
-805.99 1769.73 787.735
-332.401 -74.225 104.232
-315.827 2076.02 1019.22
579.353 -68.5998 -348.677
566.487 864.428 969.634
1110.63 1559.62 679.014
-492.753 776.303 -801.141
-553.393 99.4614 166.578
233.115 1090.12 1222
269.343 1964.27 1130.9
295.644 -118.72 -229.289
988.21 1080.6 830.642
-849.071 1227.54 -552.269
486.466 849.532 -1060.31
-438.49 80.0869 -326.839
1001.2 2011.35 -297.079
-953.152 1815.46 -101.471
494.486 -193.808 -91.1024
1054.99 2137.16 -358.17
-871.864 2015.95 -168.831
-623.255 1049.66 -784.414
572.039 -129.421 300.042
167.083 588.121 -938.701
746.926 1359.4 1059.15
-959.286 502.605 90.961
-916.968 670.461 187.364
-706.738 1178.8 796.416
115.627 1498.73 1235.24
200.241 1768.08 -1011.64
-1019.74 643.274 109.767
-21.8734 -66.3453 -397.135
-866.804 1881.38 667.935
821.247 1034.99 -784.962
718.864 -13.685 -242.961
-746.837 1045.5 -651.766
896.584 1675.72 -841.717
866.168 431.727 -419.229
1070.91 2194.23 -197.716
-107.999 42.3388 -498.612
1142.2 988.93 311.006
-641.811 1722.96 954.724
870.179 212.942 -402.626
115.409 2054.61 1104.03
539.054 269.981 852.199
-1002.84 853.623 471.81
-94.8723 396.263 -819.045
915.001 996.167 -833.164
-139.124 44.0061 748.435
944.419 371.714 -50.6976
-190.444 -27.2772 -350.796
582.287 591.079 1007.17
513.875 -61.9468 512.484
618.246 2172.3 -848.449
-741.576 1033.91 902.333
1099.14 1184.34 479.8
-1029.95 1747.14 395.947
-192.723 225.941 894.296
-882.791 629.209 -110.01
-196.314 1996.02 1100.95
861.97 550.607 -503.409
280.269 734.867 -974.904
-565.039 1486.01 -856.039
1063.43 715.299 -248.427
712.698 2070.1 -841.638
102.866 2043.02 -938.121
862.003 2070.78 -704.727
-625.331 421.241 552.199
146.793 142.263 727.991
540.312 36.9506 617.122
